xof 0303txt 0032
template ColorRGBA {
 <35ff44e0-6c7c-11cf-8f52-0040333594a3>
 FLOAT red;
 FLOAT green;
 FLOAT blue;
 FLOAT alpha;
}

template ColorRGB {
 <d3e16e81-7835-11cf-8f52-0040333594a3>
 FLOAT red;
 FLOAT green;
 FLOAT blue;
}

template Material {
 <3d82ab4d-62da-11cf-ab39-0020af71e433>
 ColorRGBA faceColor;
 FLOAT power;
 ColorRGB specularColor;
 ColorRGB emissiveColor;
 [...]
}

template TextureFilename {
 <a42790e1-7810-11cf-8f52-0040333594a3>
 STRING filename;
}

template Frame {
 <3d82ab46-62da-11cf-ab39-0020af71e433>
 [...]
}

template Matrix4x4 {
 <f6f23f45-7686-11cf-8f52-0040333594a3>
 array FLOAT matrix[16];
}

template FrameTransformMatrix {
 <f6f23f41-7686-11cf-8f52-0040333594a3>
 Matrix4x4 frameMatrix;
}

template Vector {
 <3d82ab5e-62da-11cf-ab39-0020af71e433>
 FLOAT x;
 FLOAT y;
 FLOAT z;
}

template MeshFace {
 <3d82ab5f-62da-11cf-ab39-0020af71e433>
 DWORD nFaceVertexIndices;
 array DWORD faceVertexIndices[nFaceVertexIndices];
}

template Mesh {
 <3d82ab44-62da-11cf-ab39-0020af71e433>
 DWORD nVertices;
 array Vector vertices[nVertices];
 DWORD nFaces;
 array MeshFace faces[nFaces];
 [...]
}

template MeshNormals {
 <f6f23f43-7686-11cf-8f52-0040333594a3>
 DWORD nNormals;
 array Vector normals[nNormals];
 DWORD nFaceNormals;
 array MeshFace faceNormals[nFaceNormals];
}

template MeshMaterialList {
 <f6f23f42-7686-11cf-8f52-0040333594a3>
 DWORD nMaterials;
 DWORD nFaceIndexes;
 array DWORD faceIndexes[nFaceIndexes];
 [Material <3d82ab4d-62da-11cf-ab39-0020af71e433>]
}

template Coords2d {
 <f6f23f44-7686-11cf-8f52-0040333594a3>
 FLOAT u;
 FLOAT v;
}

template MeshTextureCoords {
 <f6f23f40-7686-11cf-8f52-0040333594a3>
 DWORD nTextureCoords;
 array Coords2d textureCoords[nTextureCoords];
}

template XSkinMeshHeader {
 <3cf169ce-ff7c-44ab-93c0-f78f62d172e2>
 WORD nMaxSkinWeightsPerVertex;
 WORD nMaxSkinWeightsPerFace;
 WORD nBones;
}

template SkinWeights {
 <6f0d123b-bad2-4167-a0d0-80224f25fabb>
 STRING transformNodeName;
 DWORD nWeights;
 array DWORD vertexIndices[nWeights];
 array FLOAT weights[nWeights];
 Matrix4x4 matrixOffset;
}

template AnimTicksPerSecond {
 <9e415a43-7ba6-4a73-8743-b73d47e88476>
 DWORD AnimTicksPerSecond;
}

template Animation {
 <3d82ab4f-62da-11cf-ab39-0020af71e433>
 [...]
}

template AnimationSet {
 <3d82ab50-62da-11cf-ab39-0020af71e433>
 [Animation <3d82ab4f-62da-11cf-ab39-0020af71e433>]
}

template FloatKeys {
 <10dd46a9-775b-11cf-8f52-0040333594a3>
 DWORD nValues;
 array FLOAT values[nValues];
}

template TimedFloatKeys {
 <f406b180-7b3b-11cf-8f52-0040333594a3>
 DWORD time;
 FloatKeys tfkeys;
}

template AnimationKey {
 <10dd46a8-775b-11cf-8f52-0040333594a3>
 DWORD keyType;
 DWORD nKeys;
 array TimedFloatKeys keys[nKeys];
}


Material _16_-_Defaultaa {
 1.000000;1.000000;1.000000;1.000000;;
 9.999999;
 0.000000;0.000000;0.000000;;
 0.000000;0.000000;0.000000;;

 TextureFilename {
  "DuffelBag02.png";
 }
}

Frame Dummy01 {
 

 FrameTransformMatrix {
  1.000000,0.000000,0.000000,0.000000,0.000000,-0.000000,-1.000000,0.000000,0.000000,1.000000,-0.000000,0.000000,0.000000,0.000000,0.000000,1.000000;;
 }

 Frame Bip01 {
  

  FrameTransformMatrix {
   -0.087155,0.982405,-0.165183,0.000000,-0.000001,0.165814,0.986157,0.000000,0.996195,0.085949,-0.014450,0.000000,-0.010000,-0.012284,0.490453,1.000000;;
  }

  Frame Bip01_Pelvis {
   

   FrameTransformMatrix {
    0.000000,1.000000,-0.000001,0.000000,-0.000001,0.000001,1.000000,0.000000,1.000000,0.000000,0.000001,0.000000,0.000000,0.000000,0.000000,1.000000;;
   }

   Frame Bip01_Spine {
    

    FrameTransformMatrix {
     0.984686,0.000002,-0.174337,0.000000,-0.000001,1.000000,0.000004,0.000000,0.174337,-0.000004,0.984686,0.000000,0.051619,0.000000,-0.000083,1.000000;;
    }

    Frame Bip01_Spine1 {
     

     FrameTransformMatrix {
      0.997819,0.052687,0.039774,0.000000,-0.044862,0.983198,-0.176942,0.000000,-0.048428,0.174771,0.983417,0.000000,0.106484,-0.000015,-0.000083,1.000000;;
     }

     Frame Bip01_Neck {
      

      FrameTransformMatrix {
       0.966067,-0.020835,0.257451,0.000000,0.025191,0.999590,-0.013632,0.000000,-0.257061,0.019655,0.966195,0.000000,0.130511,-0.000001,0.004626,1.000000;;
      }

      Frame Bip01_Head {
       

       FrameTransformMatrix {
        0.989321,-0.051753,-0.136255,0.000000,0.064251,0.993958,0.088989,0.000000,0.130826,-0.096793,0.986669,0.000000,0.033674,-0.000000,0.000000,1.000000;;
       }

       Frame Bip01_HeadNub {
        

        FrameTransformMatrix {
         1.000000,-0.000000,-0.000000,0.000000,-0.000000,1.000000,0.000000,0.000000,0.000000,-0.000000,1.000000,0.000000,0.169824,0.000000,-0.000000,1.000000;;
        }
       }
      }

      Frame Bip01_L_Clavicle {
       

       FrameTransformMatrix {
        -0.205975,0.976135,0.068811,0.000000,0.943873,0.216738,-0.249254,0.000000,-0.258220,0.013609,-0.965990,0.000000,-0.024734,0.015166,0.002017,1.000000;;
       }

       Frame Bip01_L_UpperArm {
        

        FrameTransformMatrix {
         0.385871,-0.777669,0.496320,0.000000,0.922466,0.332598,-0.196046,0.000000,-0.012616,0.533487,0.845714,0.000000,0.073469,0.000000,-0.000000,1.000000;;
        }

        Frame Bip01_L_Forearm {
         

         FrameTransformMatrix {
          0.943939,0.000000,-0.330119,0.000000,0.000000,1.000000,-0.000000,0.000000,0.330119,-0.000000,0.943939,0.000000,0.148340,0.000000,-0.000000,1.000000;;
         }

         Frame Bip01_L_Hand {
          

          FrameTransformMatrix {
           1.000000,-0.000000,0.000000,0.000000,0.000000,0.000796,1.000000,0.000000,0.000000,-1.000000,0.000796,0.000000,0.131860,-0.000000,0.000000,1.000000;;
          }

          Frame Bip01_L_Finger0 {
           

           FrameTransformMatrix {
            0.690342,-0.181727,0.700288,0.000000,0.558537,0.749101,-0.356210,0.000000,-0.459853,0.637043,0.618637,0.000000,0.057681,-0.023605,-0.000272,1.000000;;
           }

           Frame Bip01_L_Finger0Nub {
            

            FrameTransformMatrix {
             1.000000,0.000000,0.000000,0.000000,0.000000,1.000000,0.000000,0.000000,-0.000000,0.000000,1.000000,0.000000,0.029435,0.000000,0.000000,1.000000;;
            }
           }
          }

          Frame Bip01_L_Finger1 {
           

           FrameTransformMatrix {
            0.728079,-0.000546,0.685493,0.000000,0.000000,1.000000,0.000796,0.000000,-0.685493,-0.000580,0.728079,0.000000,0.084102,0.000000,0.000000,1.000000;;
           }

           Frame Bip01_L_Finger1Nub {
            

            FrameTransformMatrix {
             1.000000,0.000000,0.000000,0.000000,-0.000000,1.000000,0.000000,0.000000,-0.000000,0.000000,1.000000,0.000000,0.047988,-0.000000,0.000000,1.000000;;
            }
           }
          }
         }
        }
       }
      }

      Frame Bip01_R_Clavicle {
       

       FrameTransformMatrix {
        -0.028509,-0.999573,-0.006461,0.000000,-0.965665,0.025871,0.258498,0.000000,-0.258220,0.013609,-0.965990,0.000000,-0.024080,-0.016250,0.001399,1.000000;;
       }

       Frame Bip01_R_UpperArm {
        

        FrameTransformMatrix {
         0.221390,0.975047,0.016433,0.000000,-0.974986,0.221654,-0.016512,0.000000,-0.019742,-0.012366,0.999728,0.000000,0.073469,0.000000,-0.000000,1.000000;;
        }

        Frame Bip01_R_Forearm {
         

         FrameTransformMatrix {
          0.915660,-0.000000,-0.401954,0.000000,-0.000000,1.000000,-0.000000,0.000000,0.401954,-0.000000,0.915660,0.000000,0.148340,0.000000,-0.000000,1.000000;;
         }

         Frame Bip01_R_Hand {
          

          FrameTransformMatrix {
           0.975195,-0.000000,-0.221346,0.000000,-0.221346,0.000796,-0.975195,0.000000,0.000176,1.000000,0.000777,0.000000,0.131860,0.000000,0.000000,1.000000;;
          }

          Frame Bip01_R_Finger0 {
           

           FrameTransformMatrix {
            0.417774,-0.116941,0.900994,0.000000,-0.558537,0.749101,0.356210,0.000000,-0.716591,-0.652054,0.247639,0.000000,0.057681,0.023605,-0.000272,1.000000;;
           }

           Frame Bip01_R_Finger0Nub {
            

            FrameTransformMatrix {
             -1.000000,0.000000,0.000000,0.000000,0.000000,1.000000,-0.000000,0.000000,0.000000,0.000000,-1.000000,0.000000,0.029435,0.000000,-0.000000,1.000000;;
            }
           }
          }

          Frame Bip01_R_Finger1 {
           

           FrameTransformMatrix {
            0.352436,0.000745,0.935835,0.000000,-0.000000,1.000000,-0.000796,0.000000,-0.935836,0.000281,0.352436,0.000000,0.084102,-0.000000,0.000000,1.000000;;
           }

           Frame Bip01_R_Finger1Nub {
            

            FrameTransformMatrix {
             -1.000000,0.000000,0.000000,0.000000,0.000000,1.000000,-0.000000,0.000000,-0.000000,0.000000,-1.000000,0.000000,0.047988,0.000000,-0.000000,1.000000;;
            }
           }
          }
         }
        }
       }
      }
     }

     Frame Bip01_BackPack {
      

      FrameTransformMatrix {
       0.180560,0.080500,-0.980264,0.000000,0.047560,0.994764,0.090451,0.000000,0.982413,-0.062954,0.175786,0.000000,0.063697,0.000003,-0.088856,1.000000;;
      }

      Frame Bip01_BackPackNub {
       

       FrameTransformMatrix {
        0.000796,0.000003,1.000000,0.000000,0.000000,-1.000000,0.000003,0.000000,1.000000,-0.000000,-0.000796,0.000000,0.053240,0.000000,0.000000,1.000000;;
       }
      }
     }
    }

    Frame Bip01_L_Thigh {
     

     FrameTransformMatrix {
      -0.888504,0.030427,0.457858,0.000000,-0.032107,-0.999476,0.004114,0.000000,0.457744,-0.011045,0.889016,0.000000,-0.050843,0.055225,-0.008917,1.000000;;
     }

     Frame Bip01_L_Calf {
      

      FrameTransformMatrix {
       0.942235,-0.000000,-0.334952,0.000000,-0.000000,1.000000,-0.000000,0.000000,0.334952,-0.000000,0.942235,0.000000,0.237500,0.000000,-0.000000,1.000000;;
      }

      Frame Bip01_L_Foot {
       

       FrameTransformMatrix {
        0.924325,-0.026487,0.380687,0.000000,-0.068962,0.969570,0.234901,0.000000,-0.375325,-0.243378,0.894371,0.000000,0.206841,0.000000,0.000000,1.000000;;
       }

       Frame Bip01_L_Toe0 {
        

        FrameTransformMatrix {
         0.000000,0.000000,1.000000,0.000000,0.000000,1.000000,-0.000000,0.000000,-1.000000,0.000000,0.000000,0.000000,0.065373,0.000000,0.066450,1.000000;;
        }

        Frame Bip01_L_Toe0Nub {
         

         FrameTransformMatrix {
          -1.000000,0.000000,0.000000,0.000000,0.000000,1.000000,0.000000,0.000000,0.000000,0.000000,-1.000000,0.000000,0.006735,-0.000000,0.000000,1.000000;;
         }
        }
       }
      }
     }
    }

    Frame Bip01_R_Thigh {
     

     FrameTransformMatrix {
      -0.996965,0.030321,-0.071704,0.000000,-0.029454,-0.999480,-0.013113,0.000000,-0.072065,-0.010961,0.997340,0.000000,-0.050843,-0.055225,-0.008917,1.000000;;
     }

     Frame Bip01_R_Calf {
      

      FrameTransformMatrix {
       0.730239,0.000000,-0.683192,0.000000,0.000000,1.000000,0.000000,0.000000,0.683192,0.000000,0.730239,0.000000,0.237500,0.000000,0.000000,1.000000;;
      }

      Frame Bip01_R_Foot {
       

       FrameTransformMatrix {
        0.991957,0.087165,-0.091782,0.000000,-0.093276,0.993546,-0.064539,0.000000,0.085565,0.072581,0.993685,0.000000,0.206841,0.000000,0.000000,1.000000;;
       }

       Frame Bip01_R_Toe0 {
        

        FrameTransformMatrix {
         0.000000,0.000000,1.000000,0.000000,0.000000,1.000000,-0.000000,0.000000,-1.000000,0.000000,0.000000,0.000000,0.065373,0.000000,0.066450,1.000000;;
        }

        Frame Bip01_R_Toe0Nub {
         

         FrameTransformMatrix {
          1.000000,0.000000,0.000000,0.000000,0.000000,1.000000,-0.000000,0.000000,-0.000000,-0.000000,1.000000,0.000000,0.006735,-0.000000,0.000000,1.000000;;
         }
        }
       }
      }
     }
    }
   }

   Frame Bip01_DressFront {
    

    FrameTransformMatrix {
     -0.880185,-0.088339,0.466338,0.000000,0.121847,0.907542,0.401896,0.000000,-0.458725,0.410564,-0.788041,0.000000,-0.043935,0.001339,0.061057,1.000000;;
    }

    Frame Bip01_DressFront02 {
     

     FrameTransformMatrix {
      0.912593,0.000001,0.408870,0.000000,-0.000001,1.000000,-0.000000,0.000000,-0.408870,-0.000000,0.912593,0.000000,0.183378,-0.000000,-0.000120,1.000000;;
     }

     Frame Bip01_DressFrontNub {
      

      FrameTransformMatrix {
       0.000796,0.000003,1.000000,0.000000,0.000000,-1.000000,0.000003,0.000000,1.000000,0.000000,-0.000796,0.000000,0.165302,0.000000,0.000000,1.000000;;
      }
     }
    }
   }

   Frame Bip01_DressBack {
    

    FrameTransformMatrix {
     -0.886023,0.038029,0.462080,0.000000,0.191625,0.937561,0.290274,0.000000,-0.422190,0.345735,-0.837988,0.000000,-0.047673,-0.000048,-0.078302,1.000000;;
    }

    Frame Bip01_DressBack02 {
     

     FrameTransformMatrix {
      0.936852,0.174932,-0.302833,0.000000,-0.166408,0.984581,0.053939,0.000000,0.307600,-0.000139,0.951516,0.000000,0.176125,0.000000,-0.000103,1.000000;;
     }

     Frame Bip01_DressBackNub {
      

      FrameTransformMatrix {
       0.000796,0.000003,1.000000,0.000000,0.000000,-1.000000,0.000003,0.000000,1.000000,0.000000,-0.000796,0.000000,0.136508,0.000000,0.000000,1.000000;;
      }
     }
    }
   }
  }

  Frame Bip01_Prop1 {
   

   FrameTransformMatrix {
    -0.233929,-0.108090,0.966227,0.000000,0.687222,0.684611,0.242967,0.000000,-0.687752,0.720849,-0.085868,0.000000,0.072994,-0.055506,-0.134034,1.000000;;
   }
  }

  Frame Bip01_Prop2 {
   

   FrameTransformMatrix {
    -0.163643,-0.967062,0.194966,0.000000,0.985576,-0.168906,-0.010564,0.000000,0.043147,0.190425,0.980753,0.000000,-0.140709,-0.103585,0.102365,1.000000;;
   }
  }
 }
}

Frame Translation_Data {
 

 FrameTransformMatrix {
  1.000000,0.000000,0.000000,0.000000,0.000000,-0.000000,-1.000000,0.000000,0.000000,1.000000,-0.000000,0.000000,0.000000,0.000000,0.000000,1.000000;;
 }
}

Frame F_DuffelBag_ {
 

 FrameTransformMatrix {
  1.000000,0.000000,0.000000,0.000000,0.000000,1.000000,0.000000,0.000000,0.000000,0.000000,1.000000,0.000000,0.000000,0.000000,0.000000,1.000000;;
 }

 Mesh F_DuffelBag_ {
  1024;
  -0.088566;0.531317;0.209870;,
  -0.058387;0.590145;0.246663;,
  -0.108524;0.572351;0.234974;,
  -0.037653;0.549387;0.221740;,
  -0.067560;0.614746;0.243872;,
  -0.115846;0.597609;0.232615;,
  -0.072736;0.637570;0.223483;,
  -0.117923;0.621533;0.212948;,
  -0.073409;0.658013;0.184073;,
  -0.114180;0.643543;0.174567;,
  -0.065850;0.657832;0.144111;,
  -0.103534;0.644458;0.135326;,
  -0.047254;0.627989;0.107639;,
  -0.084092;0.614915;0.099051;,
  -0.027028;0.584804;0.090536;,
  -0.065410;0.571182;0.081587;,
  -0.015017;0.548170;0.103490;,
  -0.056838;0.533327;0.093739;,
  -0.009607;0.518818;0.136363;,
  -0.055930;0.502377;0.125563;,
  -0.010631;0.507656;0.165309;,
  -0.059941;0.490155;0.153813;,
  -0.017475;0.513185;0.190203;,
  -0.068348;0.495129;0.178342;,
  -0.037653;0.549387;0.221740;,
  -0.088566;0.531317;0.209870;,
  -0.158318;0.558642;0.219639;,
  -0.148205;0.518412;0.185703;,
  -0.138941;0.516996;0.194042;,
  -0.165225;0.555318;0.208421;,
  -0.130088;0.486071;0.157532;,
  -0.118487;0.480469;0.162222;,
  -0.120838;0.482381;0.135785;,
  -0.108439;0.475880;0.137960;,
  -0.114081;0.494162;0.111585;,
  -0.101410;0.489046;0.110402;,
  -0.110115;0.523119;0.084725;,
  -0.097837;0.521541;0.079723;,
  -0.114127;0.557945;0.075077;,
  -0.103061;0.560713;0.068565;,
  -0.129190;0.597484;0.091234;,
  -0.120384;0.605296;0.086695;,
  -0.147468;0.623654;0.123365;,
  -0.140857;0.634891;0.123048;,
  -0.160264;0.621953;0.157356;,
  -0.154687;0.633113;0.161672;,
  -0.168297;0.601013;0.190108;,
  -0.162870;0.609669;0.198999;,
  -0.169730;0.578738;0.206596;,
  -0.163864;0.584656;0.217855;,
  -0.151507;0.530133;0.167481;,
  -0.161664;0.552434;0.181058;,
  -0.140584;0.510774;0.150430;,
  -0.135050;0.508021;0.138056;,
  -0.130771;0.515154;0.123586;,
  -0.127917;0.532385;0.107332;,
  -0.130104;0.553588;0.101571;,
  -0.139139;0.577623;0.111427;,
  -0.150300;0.593502;0.130915;,
  -0.158295;0.592420;0.151468;,
  -0.163297;0.579436;0.170845;,
  -0.164382;0.565991;0.180674;,
  -0.149148;0.546746;0.146538;,
  0.108790;0.624468;0.228987;,
  0.037840;0.635778;0.256601;,
  0.060280;0.595337;0.231580;,
  0.085605;0.664462;0.254047;,
  0.024988;0.658919;0.253440;,
  0.070973;0.686534;0.250982;,
  0.013754;0.679124;0.232279;,
  0.056761;0.704950;0.229980;,
  0.004511;0.695716;0.191670;,
  0.043276;0.718994;0.189597;,
  0.006156;0.692702;0.150749;,
  0.041954;0.714199;0.148836;,
  0.023293;0.661795;0.113768;,
  0.058278;0.682804;0.111898;,
  0.046708;0.619607;0.096785;,
  0.083177;0.641507;0.094835;,
  0.065506;0.585773;0.110502;,
  0.105280;0.609658;0.108375;,
  0.079695;0.560263;0.144527;,
  0.123794;0.586745;0.142170;,
  0.084453;0.551732;0.174306;,
  0.131423;0.579938;0.171795;,
  0.080575;0.558748;0.199731;,
  0.129047;0.587856;0.197139;,
  0.060280;0.595337;0.231580;,
  0.108790;0.624468;0.228987;,
  0.128953;0.694603;0.246932;,
  0.158776;0.663702;0.214869;,
  0.137530;0.698607;0.237185;,
  0.152815;0.655080;0.221761;,
  0.176676;0.631258;0.186677;,
  0.173037;0.618444;0.189919;,
  0.177106;0.623394;0.164092;,
  0.174050;0.609578;0.164799;,
  0.167588;0.627472;0.138346;,
  0.163816;0.614574;0.135601;,
  0.147031;0.644823;0.109156;,
  0.141376;0.634757;0.102451;,
  0.124278;0.670779;0.097727;,
  0.116274;0.664521;0.089403;,
  0.100804;0.706337;0.113086;,
  0.090029;0.704882;0.106686;,
  0.087132;0.734687;0.145654;,
  0.074442;0.736789;0.143503;,
  0.091159;0.740948;0.181244;,
  0.077563;0.742566;0.173640;,
  0.107184;0.731394;0.216281;,
  0.095793;0.732090;0.223574;,
  0.122634;0.717110;0.234373;,
  0.112707;0.715553;0.244132;,
  0.154640;0.675028;0.196567;,
  0.141746;0.696033;0.209884;,
  0.165335;0.655561;0.179495;,
  0.165912;0.650463;0.166649;,
  0.160005;0.652774;0.151212;,
  0.147507;0.662739;0.133499;,
  0.133478;0.678337;0.126613;,
  0.119127;0.699857;0.135965;,
  0.110877;0.717113;0.155729;,
  0.113513;0.721063;0.177292;,
  0.123606;0.715224;0.198103;,
  0.133088;0.706779;0.208936;,
  0.143647;0.685322;0.174356;,
  0.012195;0.570637;0.229279;,
  -0.009505;0.611458;0.254335;,
  -0.020594;0.635505;0.251258;,
  -0.028877;0.657225;0.230239;,
  -0.033913;0.675977;0.189831;,
  -0.029327;0.674475;0.149051;,
  -0.011385;0.643982;0.112108;,
  0.010559;0.601038;0.095055;,
  0.026081;0.565521;0.108615;,
  0.035983;0.537809;0.142435;,
  0.037896;0.527816;0.172078;,
  0.032529;0.534067;0.197431;,
  0.012195;0.570637;0.229279;,
  0.128953;0.694603;0.246932;,
  0.152815;0.655080;0.221761;,
  0.152815;0.655080;0.221761;,
  0.173037;0.618444;0.189919;,
  0.174050;0.609578;0.164799;,
  0.163816;0.614574;0.135601;,
  0.141376;0.634757;0.102451;,
  0.116274;0.664521;0.089403;,
  0.090029;0.704882;0.106686;,
  0.074442;0.736789;0.143503;,
  0.077563;0.742566;0.173640;,
  0.095793;0.732090;0.223574;,
  0.112707;0.715553;0.244132;,
  -0.138941;0.516996;0.194042;,
  -0.158318;0.558642;0.219639;,
  -0.163864;0.584656;0.217855;,
  -0.162870;0.609669;0.198999;,
  -0.154687;0.633113;0.161672;,
  -0.140857;0.634891;0.123048;,
  -0.120384;0.605296;0.086695;,
  -0.103061;0.560713;0.068565;,
  -0.097837;0.521541;0.079723;,
  -0.101410;0.489046;0.110402;,
  -0.108439;0.475880;0.137960;,
  -0.118487;0.480469;0.162222;,
  -0.138941;0.516996;0.194042;,
  0.032361;0.652973;0.091513;,
  0.052481;0.622950;0.093733;,
  0.032055;0.642742;0.092047;,
  0.065049;0.632098;0.092901;,
  0.072743;0.587874;0.108403;,
  0.087499;0.596523;0.107862;,
  0.087951;0.562214;0.143133;,
  0.104349;0.571824;0.142532;,
  0.093272;0.553793;0.173758;,
  0.110764;0.564045;0.173117;,
  0.089467;0.561290;0.200729;,
  0.107553;0.571891;0.200067;,
  0.068739;0.598676;0.233352;,
  0.086842;0.609287;0.232689;,
  0.032361;0.652973;0.091513;,
  0.065038;0.632657;0.095288;,
  0.065049;0.632098;0.092901;,
  0.065038;0.632657;0.095288;,
  0.032361;0.652973;0.091513;,
  0.032694;0.652641;0.093740;,
  0.052481;0.622950;0.093733;,
  0.032364;0.642394;0.094275;,
  0.032055;0.642742;0.092047;,
  0.032364;0.642394;0.094275;,
  0.052481;0.622950;0.093733;,
  0.052414;0.623472;0.096127;,
  0.065049;0.632098;0.092901;,
  0.086636;0.598144;0.109901;,
  0.087499;0.596523;0.107862;,
  0.086636;0.598144;0.109901;,
  0.065049;0.632098;0.092901;,
  0.065038;0.632657;0.095288;,
  0.072743;0.587874;0.108403;,
  0.052414;0.623472;0.096127;,
  0.052481;0.622950;0.093733;,
  0.052414;0.623472;0.096127;,
  0.072743;0.587874;0.108403;,
  0.071861;0.589485;0.110443;,
  0.087499;0.596523;0.107862;,
  0.103165;0.573920;0.143958;,
  0.104349;0.571824;0.142532;,
  0.103165;0.573920;0.143958;,
  0.087499;0.596523;0.107862;,
  0.086636;0.598144;0.109901;,
  0.087951;0.562214;0.143133;,
  0.071861;0.589485;0.110443;,
  0.072743;0.587874;0.108403;,
  0.071861;0.589485;0.110443;,
  0.087951;0.562214;0.143133;,
  0.086779;0.564316;0.144559;,
  0.104349;0.571824;0.142532;,
  0.109420;0.566319;0.173592;,
  0.110764;0.564045;0.173117;,
  0.109420;0.566319;0.173592;,
  0.104349;0.571824;0.142532;,
  0.103165;0.573920;0.143958;,
  0.093272;0.553793;0.173758;,
  0.086779;0.564316;0.144559;,
  0.087951;0.562214;0.143133;,
  0.086779;0.564316;0.144559;,
  0.093272;0.553793;0.173758;,
  0.091971;0.556093;0.174231;,
  0.110764;0.564045;0.173117;,
  0.106420;0.573675;0.199052;,
  0.107553;0.571891;0.200067;,
  0.106420;0.573675;0.199052;,
  0.110764;0.564045;0.173117;,
  0.109420;0.566319;0.173592;,
  0.089467;0.561290;0.200729;,
  0.091971;0.556093;0.174231;,
  0.093272;0.553793;0.173758;,
  0.091971;0.556093;0.174231;,
  0.089467;0.561290;0.200729;,
  0.088408;0.563118;0.199712;,
  0.107553;0.571891;0.200067;,
  0.086157;0.610247;0.230816;,
  0.086842;0.609287;0.232689;,
  0.086157;0.610247;0.230816;,
  0.107553;0.571891;0.200067;,
  0.106420;0.573675;0.199052;,
  0.068739;0.598676;0.233352;,
  0.088408;0.563118;0.199712;,
  0.089467;0.561290;0.200729;,
  0.088408;0.563118;0.199712;,
  0.068739;0.598676;0.233352;,
  0.068133;0.599683;0.231476;,
  0.068133;0.599683;0.231476;,
  0.106420;0.573675;0.199052;,
  0.088408;0.563118;0.199712;,
  0.086157;0.610247;0.230816;,
  0.088408;0.563118;0.199712;,
  0.109420;0.566319;0.173592;,
  0.091971;0.556093;0.174231;,
  0.109420;0.566319;0.173592;,
  0.088408;0.563118;0.199712;,
  0.106420;0.573675;0.199052;,
  0.091971;0.556093;0.174231;,
  0.103165;0.573920;0.143958;,
  0.086779;0.564316;0.144559;,
  0.103165;0.573920;0.143958;,
  0.091971;0.556093;0.174231;,
  0.109420;0.566319;0.173592;,
  0.086779;0.564316;0.144559;,
  0.086636;0.598144;0.109901;,
  0.071861;0.589485;0.110443;,
  0.103165;0.573920;0.143958;,
  0.071861;0.589485;0.110443;,
  0.065038;0.632657;0.095288;,
  0.052414;0.623472;0.096127;,
  0.065038;0.632657;0.095288;,
  0.071861;0.589485;0.110443;,
  0.086636;0.598144;0.109901;,
  0.052414;0.623472;0.096127;,
  0.032694;0.652641;0.093740;,
  0.032364;0.642394;0.094275;,
  0.065038;0.632657;0.095288;,
  0.004725;0.663239;0.089018;,
  0.005602;0.654729;0.090458;,
  0.032361;0.652973;0.091513;,
  0.005011;0.662817;0.091132;,
  0.032694;0.652641;0.093740;,
  0.005011;0.662817;0.091132;,
  0.032361;0.652973;0.091513;,
  0.004725;0.663239;0.089018;,
  0.005875;0.654298;0.092572;,
  0.005011;0.662817;0.091132;,
  0.032364;0.642394;0.094275;,
  0.005602;0.654729;0.090458;,
  0.032055;0.642742;0.092047;,
  0.005602;0.654729;0.090458;,
  0.032364;0.642394;0.094275;,
  0.005875;0.654298;0.092572;,
  -0.015738;0.657714;0.089197;,
  -0.013397;0.652967;0.088198;,
  0.004725;0.663239;0.089018;,
  -0.015296;0.656453;0.090824;,
  0.005011;0.662817;0.091132;,
  -0.015296;0.656453;0.090824;,
  0.004725;0.663239;0.089018;,
  -0.015738;0.657714;0.089197;,
  -0.013038;0.651860;0.089938;,
  -0.015296;0.656453;0.090824;,
  0.005875;0.654298;0.092572;,
  -0.013397;0.652967;0.088198;,
  0.005602;0.654729;0.090458;,
  -0.013397;0.652967;0.088198;,
  0.005875;0.654298;0.092572;,
  -0.013038;0.651860;0.089938;,
  -0.046099;0.613492;0.081777;,
  -0.032190;0.582881;0.085683;,
  -0.046487;0.578890;0.080837;,
  -0.035389;0.610479;0.085259;,
  -0.020132;0.543923;0.099572;,
  -0.035867;0.538143;0.096133;,
  -0.015252;0.513375;0.133321;,
  -0.032737;0.506951;0.129499;,
  -0.016821;0.501694;0.163290;,
  -0.035474;0.494841;0.159213;,
  -0.024369;0.507420;0.189906;,
  -0.043655;0.500335;0.185690;,
  -0.045203;0.544756;0.222519;,
  -0.064507;0.537664;0.218299;,
  -0.046099;0.613492;0.081777;,
  -0.047276;0.579081;0.083150;,
  -0.046423;0.612853;0.083937;,
  -0.047276;0.579081;0.083150;,
  -0.046099;0.613492;0.081777;,
  -0.046487;0.578890;0.080837;,
  -0.032190;0.582881;0.085683;,
  -0.035665;0.609857;0.087431;,
  -0.032918;0.583091;0.088014;,
  -0.035665;0.609857;0.087431;,
  -0.032190;0.582881;0.085683;,
  -0.035389;0.610479;0.085259;,
  -0.046487;0.578890;0.080837;,
  -0.036890;0.539689;0.098157;,
  -0.047276;0.579081;0.083150;,
  -0.036890;0.539689;0.098157;,
  -0.046487;0.578890;0.080837;,
  -0.035867;0.538143;0.096133;,
  -0.020132;0.543923;0.099572;,
  -0.032918;0.583091;0.088014;,
  -0.021134;0.545477;0.101601;,
  -0.032918;0.583091;0.088014;,
  -0.020132;0.543923;0.099572;,
  -0.032190;0.582881;0.085683;,
  -0.035867;0.538143;0.096133;,
  -0.033829;0.509090;0.130933;,
  -0.036890;0.539689;0.098157;,
  -0.033829;0.509090;0.130933;,
  -0.035867;0.538143;0.096133;,
  -0.032737;0.506951;0.129499;,
  -0.015252;0.513375;0.133321;,
  -0.021134;0.545477;0.101601;,
  -0.016356;0.515510;0.134753;,
  -0.021134;0.545477;0.101601;,
  -0.015252;0.513375;0.133321;,
  -0.020132;0.543923;0.099572;,
  -0.032737;0.506951;0.129499;,
  -0.036456;0.497287;0.159722;,
  -0.033829;0.509090;0.130933;,
  -0.036456;0.497287;0.159722;,
  -0.032737;0.506951;0.129499;,
  -0.035474;0.494841;0.159213;,
  -0.016821;0.501694;0.163290;,
  -0.016356;0.515510;0.134753;,
  -0.017850;0.504123;0.163789;,
  -0.016821;0.501694;0.163290;,
  -0.035474;0.494841;0.159213;,
  -0.044163;0.502415;0.184735;,
  -0.036456;0.497287;0.159722;,
  -0.044163;0.502415;0.184735;,
  -0.035474;0.494841;0.159213;,
  -0.043655;0.500335;0.185690;,
  -0.024369;0.507420;0.189906;,
  -0.017850;0.504123;0.163789;,
  -0.024956;0.509471;0.188934;,
  -0.017850;0.504123;0.163789;,
  -0.024369;0.507420;0.189906;,
  -0.016821;0.501694;0.163290;,
  -0.064530;0.538938;0.216489;,
  -0.064530;0.538938;0.216489;,
  -0.043655;0.500335;0.185690;,
  -0.064507;0.537664;0.218299;,
  -0.045203;0.544756;0.222519;,
  -0.024956;0.509471;0.188934;,
  -0.045310;0.545999;0.220690;,
  -0.024956;0.509471;0.188934;,
  -0.045203;0.544756;0.222519;,
  -0.024369;0.507420;0.189906;,
  -0.045310;0.545999;0.220690;,
  -0.044163;0.502415;0.184735;,
  -0.064530;0.538938;0.216489;,
  -0.024956;0.509471;0.188934;,
  -0.024956;0.509471;0.188934;,
  -0.036456;0.497287;0.159722;,
  -0.044163;0.502415;0.184735;,
  -0.036456;0.497287;0.159722;,
  -0.024956;0.509471;0.188934;,
  -0.017850;0.504123;0.163789;,
  -0.017850;0.504123;0.163789;,
  -0.033829;0.509090;0.130933;,
  -0.036456;0.497287;0.159722;,
  -0.033829;0.509090;0.130933;,
  -0.017850;0.504123;0.163789;,
  -0.016356;0.515510;0.134753;,
  -0.016356;0.515510;0.134753;,
  -0.036890;0.539689;0.098157;,
  -0.033829;0.509090;0.130933;,
  -0.036890;0.539689;0.098157;,
  -0.016356;0.515510;0.134753;,
  -0.021134;0.545477;0.101601;,
  -0.021134;0.545477;0.101601;,
  -0.047276;0.579081;0.083150;,
  -0.036890;0.539689;0.098157;,
  -0.032918;0.583091;0.088014;,
  -0.046423;0.612853;0.083937;,
  -0.035665;0.609857;0.087431;,
  -0.034400;0.645531;0.085685;,
  -0.028715;0.639061;0.087439;,
  -0.046099;0.613492;0.081777;,
  -0.034588;0.644884;0.087754;,
  -0.034400;0.645531;0.085685;,
  -0.034588;0.644884;0.087754;,
  -0.046099;0.613492;0.081777;,
  -0.046423;0.612853;0.083937;,
  -0.028890;0.638420;0.089510;,
  -0.034588;0.644884;0.087754;,
  -0.035665;0.609857;0.087431;,
  -0.028715;0.639061;0.087439;,
  -0.028890;0.638420;0.089510;,
  -0.028715;0.639061;0.087439;,
  -0.035665;0.609857;0.087431;,
  -0.035389;0.610479;0.085259;,
  -0.015738;0.657714;0.089197;,
  -0.013397;0.652967;0.088198;,
  -0.034400;0.645531;0.085685;,
  -0.015296;0.656453;0.090824;,
  -0.015738;0.657714;0.089197;,
  -0.015296;0.656453;0.090824;,
  -0.034400;0.645531;0.085685;,
  -0.034588;0.644884;0.087754;,
  -0.013038;0.651860;0.089938;,
  -0.015296;0.656453;0.090824;,
  -0.028890;0.638420;0.089510;,
  -0.013397;0.652967;0.088198;,
  -0.013038;0.651860;0.089938;,
  -0.013397;0.652967;0.088198;,
  -0.028890;0.638420;0.089510;,
  -0.028715;0.639061;0.087439;,
  0.015311;0.684066;0.117297;,
  0.011020;0.697483;0.150739;,
  0.023191;0.704479;0.146666;,
  0.008663;0.684221;0.125682;,
  0.009500;0.701476;0.192461;,
  0.023872;0.709899;0.191935;,
  0.019598;0.684992;0.233849;,
  0.035576;0.694356;0.233264;,
  0.031635;0.664506;0.255563;,
  0.048750;0.674537;0.254936;,
  0.045589;0.640104;0.258964;,
  0.063406;0.650547;0.258311;,
  0.068739;0.598676;0.233352;,
  0.015311;0.684066;0.117297;,
  0.024577;0.702529;0.147199;,
  0.016321;0.682519;0.118626;,
  0.024577;0.702529;0.147199;,
  0.015311;0.684066;0.117297;,
  0.023191;0.704479;0.146666;,
  0.011020;0.697483;0.150739;,
  0.009644;0.682656;0.127012;,
  0.011876;0.696281;0.149927;,
  0.009644;0.682656;0.127012;,
  0.011020;0.697483;0.150739;,
  0.008663;0.684221;0.125682;,
  0.023191;0.704479;0.146666;,
  0.025187;0.707639;0.191100;,
  0.024577;0.702529;0.147199;,
  0.025187;0.707639;0.191100;,
  0.023191;0.704479;0.146666;,
  0.023872;0.709899;0.191935;,
  0.009500;0.701476;0.192461;,
  0.011876;0.696281;0.149927;,
  0.010783;0.699197;0.191628;,
  0.011876;0.696281;0.149927;,
  0.009500;0.701476;0.192461;,
  0.011020;0.697483;0.150739;,
  0.023872;0.709899;0.191935;,
  0.036691;0.692356;0.231657;,
  0.025187;0.707639;0.191100;,
  0.036691;0.692356;0.231657;,
  0.023872;0.709899;0.191935;,
  0.035576;0.694356;0.233264;,
  0.019598;0.684992;0.233849;,
  0.010783;0.699197;0.191628;,
  0.020710;0.682990;0.232242;,
  0.010783;0.699197;0.191628;,
  0.019598;0.684992;0.233849;,
  0.009500;0.701476;0.192461;,
  0.035576;0.694356;0.233264;,
  0.049441;0.673182;0.252724;,
  0.036691;0.692356;0.231657;,
  0.049441;0.673182;0.252724;,
  0.035576;0.694356;0.233264;,
  0.048750;0.674537;0.254936;,
  0.031635;0.664506;0.255563;,
  0.020710;0.682990;0.232242;,
  0.032358;0.663170;0.253350;,
  0.020710;0.682990;0.232242;,
  0.031635;0.664506;0.255563;,
  0.019598;0.684992;0.233849;,
  0.048750;0.674537;0.254936;,
  0.063278;0.650540;0.255971;,
  0.049441;0.673182;0.252724;,
  0.063278;0.650540;0.255971;,
  0.048750;0.674537;0.254936;,
  0.063406;0.650547;0.258311;,
  0.045589;0.640104;0.258964;,
  0.032358;0.663170;0.253350;,
  0.045530;0.640138;0.256621;,
  0.032358;0.663170;0.253350;,
  0.045589;0.640104;0.258964;,
  0.031635;0.664506;0.255563;,
  0.086157;0.610247;0.230816;,
  0.086157;0.610247;0.230816;,
  0.063406;0.650547;0.258311;,
  0.068739;0.598676;0.233352;,
  0.045530;0.640138;0.256621;,
  0.068133;0.599683;0.231476;,
  0.045530;0.640138;0.256621;,
  0.068739;0.598676;0.233352;,
  0.045589;0.640104;0.258964;,
  0.068133;0.599683;0.231476;,
  0.063278;0.650540;0.255971;,
  0.086157;0.610247;0.230816;,
  0.063278;0.650540;0.255971;,
  0.068133;0.599683;0.231476;,
  0.045530;0.640138;0.256621;,
  0.045530;0.640138;0.256621;,
  0.049441;0.673182;0.252724;,
  0.063278;0.650540;0.255971;,
  0.049441;0.673182;0.252724;,
  0.045530;0.640138;0.256621;,
  0.032358;0.663170;0.253350;,
  0.032358;0.663170;0.253350;,
  0.036691;0.692356;0.231657;,
  0.049441;0.673182;0.252724;,
  0.036691;0.692356;0.231657;,
  0.032358;0.663170;0.253350;,
  0.020710;0.682990;0.232242;,
  0.020710;0.682990;0.232242;,
  0.025187;0.707639;0.191100;,
  0.036691;0.692356;0.231657;,
  0.025187;0.707639;0.191100;,
  0.020710;0.682990;0.232242;,
  0.010783;0.699197;0.191628;,
  0.010783;0.699197;0.191628;,
  0.024577;0.702529;0.147199;,
  0.025187;0.707639;0.191100;,
  0.024577;0.702529;0.147199;,
  0.010783;0.699197;0.191628;,
  0.011876;0.696281;0.149927;,
  0.011876;0.696281;0.149927;,
  0.016321;0.682519;0.118626;,
  0.024577;0.702529;0.147199;,
  0.009644;0.682656;0.127012;,
  0.001276;0.668322;0.094398;,
  -0.001971;0.667675;0.101830;,
  0.015311;0.684066;0.117297;,
  0.002143;0.666839;0.095731;,
  0.001276;0.668322;0.094398;,
  0.002143;0.666839;0.095731;,
  0.015311;0.684066;0.117297;,
  0.016321;0.682519;0.118626;,
  -0.001118;0.666184;0.103163;,
  0.002143;0.666839;0.095731;,
  0.009644;0.682656;0.127012;,
  -0.001971;0.667675;0.101830;,
  -0.001118;0.666184;0.103163;,
  -0.001971;0.667675;0.101830;,
  0.009644;0.682656;0.127012;,
  0.008663;0.684221;0.125682;,
  -0.016040;0.658270;0.089606;,
  -0.017811;0.661060;0.094342;,
  0.001276;0.668322;0.094398;,
  -0.015778;0.657342;0.091477;,
  -0.016040;0.658270;0.089606;,
  -0.015778;0.657342;0.091477;,
  0.001276;0.668322;0.094398;,
  0.002143;0.666839;0.095731;,
  -0.017466;0.659978;0.096100;,
  -0.015778;0.657342;0.091477;,
  -0.001118;0.666184;0.103163;,
  -0.001118;0.666184;0.103163;,
  -0.017811;0.661060;0.094342;,
  -0.017466;0.659978;0.096100;,
  -0.017811;0.661060;0.094342;,
  -0.001118;0.666184;0.103163;,
  -0.001971;0.667675;0.101830;,
  -0.067629;0.649011;0.113061;,
  -0.071864;0.657026;0.141995;,
  -0.059225;0.653461;0.116875;,
  -0.085995;0.652420;0.138415;,
  -0.080956;0.658670;0.183861;,
  -0.096281;0.653040;0.180511;,
  -0.080967;0.637402;0.224288;,
  -0.098005;0.631142;0.220564;,
  -0.076079;0.613533;0.245322;,
  -0.094717;0.607567;0.241874;,
  -0.066553;0.587036;0.248302;,
  -0.085552;0.580056;0.244149;,
  -0.045203;0.544756;0.222519;,
  -0.064507;0.537664;0.218299;,
  -0.067629;0.649011;0.113061;,
  -0.085449;0.650074;0.138867;,
  -0.085995;0.652420;0.138415;,
  -0.085449;0.650074;0.138867;,
  -0.067629;0.649011;0.113061;,
  -0.067312;0.647140;0.114318;,
  -0.071864;0.657026;0.141995;,
  -0.058852;0.651610;0.118146;,
  -0.059225;0.653461;0.116875;,
  -0.058852;0.651610;0.118146;,
  -0.071864;0.657026;0.141995;,
  -0.071247;0.654701;0.142468;,
  -0.085995;0.652420;0.138415;,
  -0.095236;0.650652;0.179650;,
  -0.096281;0.653040;0.180511;,
  -0.095236;0.650652;0.179650;,
  -0.085995;0.652420;0.138415;,
  -0.085449;0.650074;0.138867;,
  -0.080956;0.658670;0.183861;,
  -0.071247;0.654701;0.142468;,
  -0.071864;0.657026;0.141995;,
  -0.071247;0.654701;0.142468;,
  -0.080956;0.658670;0.183861;,
  -0.079877;0.656295;0.183008;,
  -0.096281;0.653040;0.180511;,
  -0.096915;0.629130;0.218954;,
  -0.098005;0.631142;0.220564;,
  -0.096915;0.629130;0.218954;,
  -0.096281;0.653040;0.180511;,
  -0.095236;0.650652;0.179650;,
  -0.080967;0.637402;0.224288;,
  -0.079877;0.656295;0.183008;,
  -0.080956;0.658670;0.183861;,
  -0.079877;0.656295;0.183008;,
  -0.080967;0.637402;0.224288;,
  -0.079874;0.635390;0.222679;,
  -0.098005;0.631142;0.220564;,
  -0.093766;0.606335;0.239686;,
  -0.094717;0.607567;0.241874;,
  -0.093766;0.606335;0.239686;,
  -0.098005;0.631142;0.220564;,
  -0.096915;0.629130;0.218954;,
  -0.076079;0.613533;0.245322;,
  -0.079874;0.635390;0.222679;,
  -0.080967;0.637402;0.224288;,
  -0.079874;0.635390;0.222679;,
  -0.076079;0.613533;0.245322;,
  -0.075162;0.612289;0.243127;,
  -0.094717;0.607567;0.241874;,
  -0.085106;0.580320;0.241863;,
  -0.085552;0.580056;0.244149;,
  -0.085106;0.580320;0.241863;,
  -0.066553;0.587036;0.248302;,
  -0.075162;0.612289;0.243127;,
  -0.076079;0.613533;0.245322;,
  -0.075162;0.612289;0.243127;,
  -0.066553;0.587036;0.248302;,
  -0.066180;0.587273;0.246000;,
  -0.085552;0.580056;0.244149;,
  -0.064530;0.538938;0.216489;,
  -0.064507;0.537664;0.218299;,
  -0.064530;0.538938;0.216489;,
  -0.085552;0.580056;0.244149;,
  -0.085106;0.580320;0.241863;,
  -0.045203;0.544756;0.222519;,
  -0.066180;0.587273;0.246000;,
  -0.066553;0.587036;0.248302;,
  -0.066180;0.587273;0.246000;,
  -0.045203;0.544756;0.222519;,
  -0.045310;0.545999;0.220690;,
  -0.045310;0.545999;0.220690;,
  -0.085106;0.580320;0.241863;,
  -0.066180;0.587273;0.246000;,
  -0.064530;0.538938;0.216489;,
  -0.066180;0.587273;0.246000;,
  -0.093766;0.606335;0.239686;,
  -0.075162;0.612289;0.243127;,
  -0.093766;0.606335;0.239686;,
  -0.066180;0.587273;0.246000;,
  -0.085106;0.580320;0.241863;,
  -0.075162;0.612289;0.243127;,
  -0.096915;0.629130;0.218954;,
  -0.079874;0.635390;0.222679;,
  -0.096915;0.629130;0.218954;,
  -0.075162;0.612289;0.243127;,
  -0.093766;0.606335;0.239686;,
  -0.079874;0.635390;0.222679;,
  -0.095236;0.650652;0.179650;,
  -0.079877;0.656295;0.183008;,
  -0.095236;0.650652;0.179650;,
  -0.079874;0.635390;0.222679;,
  -0.096915;0.629130;0.218954;,
  -0.079877;0.656295;0.183008;,
  -0.085449;0.650074;0.138867;,
  -0.071247;0.654701;0.142468;,
  -0.085449;0.650074;0.138867;,
  -0.079877;0.656295;0.183008;,
  -0.095236;0.650652;0.179650;,
  -0.071247;0.654701;0.142468;,
  -0.067312;0.647140;0.114318;,
  -0.058852;0.651610;0.118146;,
  -0.085449;0.650074;0.138867;,
  -0.037970;0.651512;0.092894;,
  -0.036567;0.654339;0.097090;,
  -0.067629;0.649011;0.113061;,
  -0.037587;0.649800;0.094181;,
  -0.067312;0.647140;0.114318;,
  -0.037587;0.649800;0.094181;,
  -0.067629;0.649011;0.113061;,
  -0.037970;0.651512;0.092894;,
  -0.036168;0.652634;0.098379;,
  -0.037587;0.649800;0.094181;,
  -0.058852;0.651610;0.118146;,
  -0.036567;0.654339;0.097090;,
  -0.059225;0.653461;0.116875;,
  -0.036567;0.654339;0.097090;,
  -0.058852;0.651610;0.118146;,
  -0.036168;0.652634;0.098379;,
  -0.016040;0.658270;0.089606;,
  -0.017811;0.661060;0.094342;,
  -0.037970;0.651512;0.092894;,
  -0.015778;0.657342;0.091477;,
  -0.037587;0.649800;0.094181;,
  -0.015778;0.657342;0.091477;,
  -0.037970;0.651512;0.092894;,
  -0.016040;0.658270;0.089606;,
  -0.036168;0.652634;0.098379;,
  -0.017811;0.661060;0.094342;,
  -0.036567;0.654339;0.097090;,
  -0.017811;0.661060;0.094342;,
  -0.036168;0.652634;0.098379;,
  -0.017466;0.659978;0.096100;,
  -0.031829;0.643550;0.097282;,
  -0.003256;0.669288;0.103454;,
  -0.036582;0.653596;0.100193;,
  0.001922;0.659442;0.100584;,
  -0.004805;0.672921;0.097367;,
  -0.037426;0.657561;0.094175;,
  -0.037426;0.657561;0.094175;,
  -0.001175;0.666709;0.088410;,
  -0.033518;0.651481;0.085246;,
  -0.004805;0.672921;0.097367;,
  0.004003;0.656864;0.085540;,
  -0.028765;0.641435;0.082334;,
  0.005552;0.653231;0.091628;,
  -0.027921;0.637470;0.088352;,
  -0.028765;0.641435;0.082334;,
  -0.037426;0.657561;0.094175;,
  -0.033518;0.651481;0.085246;,
  -0.031829;0.643550;0.097282;,
  -0.036582;0.653596;0.100193;,
  -0.027921;0.637470;0.088352;,
  -0.003256;0.669288;0.103454;,
  -0.001175;0.666709;0.088410;,
  -0.004805;0.672921;0.097367;,
  0.005552;0.653231;0.091628;,
  0.004003;0.656864;0.085540;,
  0.001922;0.659442;0.100584;,
  0.090345;0.701398;0.096469;,
  0.092373;0.695577;0.105815;,
